% Koeffizienten und Konstanten für die IAPWS-95-Formulierung von Wasserdampf
461.51805      % R: specific gas constant in J/(kg*K)
647.096        % T_c: critical temperature of water in K
322            % rho_c: critical density of water in kg/m^3
% n0(1:8)
% -8.32044648201,   6.6832105268,      3.00632, 0.012436,  (orig)
-8.320446483749615, 6.683210527593193, 3.00632, 0.012436,
0.97315, 1.27950, 0.96956, 0.24873
% gamma0(1:8)
0.0, 0.0, 0.0, 1.28728967, 
3.53734222, 7.74073708, 9.24437796, 27.5075105
% n(1:56)
0.12533547935523e-1,  0.78957634722828e+1, -0.87803203303561e+1,
0.31802509345418e+0, -0.26145533859358e+0, -0.78199751687981e-2,
0.88089493102134e-2, -0.66856572307965e+0,  0.20433810950965e+0,
-0.66212605039687e-4, -0.19232721156002e+0, -0.25709043003438e+0,
0.16074868486251e+0, -0.40092828925807e-1,  0.39343422603254e-6,
-0.75941377088144e-5,  0.56250979351888e-3, -0.15608652257135e-4,
0.11537996422951e-8,  0.36582165144204e-6, -0.13251180074668e-11,
-0.62639586912454e-9, -0.10793600908932e+0,  0.17611491008752e-1,
0.22132295167546e+0, -0.40247669763528e+0,  0.58083399985759e+0,
0.49969146990806e-2, -0.31358700712549e-1, -0.74315929710341e+0,
0.47807329915480e+0,  0.20527940895948e-1, -0.13636435110343e+0,
0.14180634400617e-1,  0.83326504880713e-2, -0.29052336009585e-1,
0.38615085574206e-1, -0.20393486513704e-1, -0.16554050063734e-2,
0.19955571979541e-2,  0.15870308324157e-3, -0.16388568342530e-4,
0.43613615723811e-1,  0.34994005463765e-1, -0.76788197844621e-1,
0.22446277332006e-1, -0.62689710414685e-4, -0.55711118565645e-9,
-0.19905718354408e+0,  0.31777497330738e+0, -0.11841182425981e+0,
-0.31306260323435e+2,  0.31546140237781e+2, -0.25213154341695e+4,
-0.14874640856724e+0,  0.31806110878444e+0
% c(1:51)
0, 0, 0, 0, 0, 0, 0, 1, 1, 1, 1, 1, 1, 1, 1, 1, 1, 1, 1, 1,
1, 1, 2, 2, 2, 2, 2, 2, 2, 2, 2, 2, 2, 2, 2, 2, 2, 2, 2, 2,
2, 2, 3, 3, 3, 3, 4, 6, 6, 6, 6
% d(1:54)
1,  1,  1,  2,  2,  3,  4,  1,  1,  1,  2,  2,  3,  4,  4, 
5,  7,  9, 10, 11, 13, 15,  1,  2,  2,  2,  3,  4,  4,  4,
5,  6,  6,  7,  9,  9,  9,  9,  9, 10, 10, 12,  3,  4,  4,
5, 14,  3,  6,  6,  6,  3,  3,  3
% t(1:54)
-0.5, 0.875, 1, 0.5, 0.75, 0.375, 1, 4, 6, 12, 1, 5, 4, 2, 13,
9, 3, 4, 11, 4, 13, 1, 7, 1, 9, 10, 10, 3, 7, 10,
10, 6, 10, 10, 1, 2, 3, 4, 8, 6, 9, 8, 16, 22, 23,
23, 10, 50, 44, 46, 50, 0, 1, 4
% alpha(52:54)
20, 20, 20
% beta(52:56)
150, 150, 250, 0.3, 0.3
% gamma(52:54)
1.21, 1.21, 1.25
% epsilon(52:54)
1, 1, 1
% a(55:56)
3.5, 3.5
% b(55:56)
0.85, 0.95
% A(55:56)
0.32, 0.32
% B(55:56)
0.2, 0.2
% C(55:56)
28, 32
% D(55:56)
700, 800
